
==============================================================================
Experiment: DiffKeyHamming (scalar avalanche)
==============================================================================
NR range 1 to 100 with 100 values. Measured bits = 4096, trials / NR = 2048 to 2048

Per-NR Summary (Hamming distance, bits)
---------------------------------------
  NR       mean      std      sem     min     max   %diff
   1    335.060    1.057   0.0234     331     339   8.180
   2   1491.890    1.716   0.0379    1486    1498  36.423
   3   2026.446    2.069   0.0457    2019    2035  49.474
   4   2048.042    2.003   0.0443    2041    2055  50.001
   5   2048.003    2.029   0.0448    2041    2054  50.000
   6   2048.044    2.032   0.0449    2041    2055  50.001
   7   2048.004    1.953   0.0432    2041    2054  50.000
   8   2048.003    2.003   0.0443    2041    2056  50.000
   9   2047.947    2.001   0.0442    2041    2056  49.999
  10   2048.028    1.985   0.0439    2041    2054  50.001
  11   2048.022    1.934   0.0427    2042    2056  50.001
  12   2047.942    1.968   0.0435    2041    2054  49.999
  13   2047.981    2.033   0.0449    2041    2056  50.000
  14   2047.956    1.940   0.0429    2042    2055  49.999
  15   2048.009    1.993   0.0440    2041    2054  50.000
  16   2047.976    1.979   0.0437    2042    2055  49.999
  17   2048.060    1.980   0.0437    2042    2056  50.001
  18   2048.053    1.984   0.0438    2041    2054  50.001
  19   2047.996    1.992   0.0440    2040    2055  50.000
  20   2048.029    2.007   0.0444    2041    2055  50.001
  21   2047.914    1.960   0.0433    2040    2055  49.998
  22   2048.024    1.965   0.0434    2041    2055  50.001
  23   2047.992    2.038   0.0450    2041    2055  50.000
  24   2047.934    1.980   0.0438    2040    2056  49.998
  25   2047.992    2.037   0.0450    2041    2056  50.000
  26   2048.024    1.974   0.0436    2042    2055  50.001
  27   2047.971    2.009   0.0444    2040    2056  49.999
  28   2047.981    2.034   0.0450    2041    2055  50.000
  29   2047.993    2.054   0.0454    2041    2055  50.000
  30   2048.030    2.013   0.0445    2042    2054  50.001
  31   2048.004    2.007   0.0443    2041    2056  50.000
  32   2047.993    2.008   0.0444    2041    2055  50.000
  33   2047.955    2.014   0.0445    2041    2055  49.999
  34   2048.007    2.034   0.0450    2041    2056  50.000
  35   2047.932    2.015   0.0445    2041    2056  49.998
  36   2047.936    2.007   0.0443    2040    2055  49.998
  37   2048.013    2.036   0.0450    2041    2056  50.000
  38   2047.997    1.956   0.0432    2041    2055  50.000
  39   2047.948    2.007   0.0444    2041    2055  49.999
  40   2047.963    2.027   0.0448    2041    2055  49.999
  41   2048.009    1.998   0.0441    2041    2055  50.000
  42   2047.974    1.965   0.0434    2041    2054  49.999
  43   2048.036    1.908   0.0422    2042    2055  50.001
  44   2047.962    2.018   0.0446    2042    2055  49.999
  45   2048.035    1.998   0.0442    2040    2055  50.001
  46   2047.989    2.013   0.0445    2040    2055  50.000
  47   2048.027    2.034   0.0449    2041    2056  50.001
  48   2047.979    2.006   0.0443    2038    2055  49.999
  49   2048.079    1.953   0.0432    2042    2054  50.002
  50   2047.961    1.993   0.0440    2040    2055  49.999
  51   2048.004    2.001   0.0442    2041    2055  50.000
  52   2048.049    2.038   0.0450    2042    2054  50.001
  53   2047.992    2.023   0.0447    2042    2054  50.000
  54   2048.068    1.983   0.0438    2042    2054  50.002
  55   2048.040    1.997   0.0441    2042    2054  50.001
  56   2048.112    2.002   0.0442    2041    2055  50.003
  57   2047.942    2.026   0.0448    2041    2054  49.999
  58   2048.022    2.015   0.0445    2040    2055  50.001
  59   2048.059    2.000   0.0442    2041    2054  50.001
  60   2048.025    1.958   0.0433    2041    2055  50.001
  61   2048.015    2.048   0.0453    2041    2054  50.000
  62   2047.989    1.967   0.0435    2042    2055  50.000
  63   2047.971    1.989   0.0440    2041    2055  49.999
  64   2048.014    2.044   0.0452    2041    2054  50.000
  65   2047.972    1.967   0.0435    2041    2054  49.999
  66   2048.044    1.963   0.0434    2042    2054  50.001
  67   2047.992    2.068   0.0457    2042    2056  50.000
  68   2047.971    2.010   0.0444    2041    2054  49.999
  69   2047.930    2.005   0.0443    2042    2054  49.998
  70   2047.915    1.972   0.0436    2042    2055  49.998
  71   2047.901    1.998   0.0442    2042    2055  49.998
  72   2048.049    1.987   0.0439    2042    2055  50.001
  73   2047.994    2.069   0.0457    2042    2055  50.000
  74   2048.043    1.971   0.0436    2041    2055  50.001
  75   2048.008    1.999   0.0442    2041    2054  50.000
  76   2047.979    2.082   0.0460    2040    2055  49.999
  77   2047.977    2.000   0.0442    2041    2054  49.999
  78   2048.026    1.996   0.0441    2041    2054  50.001
  79   2047.968    2.019   0.0446    2041    2055  49.999
  80   2047.885    1.950   0.0431    2041    2055  49.997
  81   2048.005    1.987   0.0439    2042    2055  50.000
  82   2047.969    2.008   0.0444    2041    2055  49.999
  83   2047.943    1.979   0.0437    2040    2055  49.999
  84   2047.993    1.977   0.0437    2042    2054  50.000
  85   2048.042    1.992   0.0440    2041    2054  50.001
  86   2048.044    2.019   0.0446    2039    2056  50.001
  87   2048.048    2.033   0.0449    2042    2055  50.001
  88   2047.926    2.021   0.0447    2041    2054  49.998
  89   2047.992    1.968   0.0435    2040    2054  50.000
  90   2048.002    1.997   0.0441    2041    2054  50.000
  91   2047.943    1.936   0.0428    2041    2056  49.999
  92   2047.953    1.996   0.0441    2041    2055  49.999
  93   2047.987    2.035   0.0450    2039    2054  50.000
  94   2047.982    2.007   0.0443    2042    2055  50.000
  95   2048.008    1.997   0.0441    2041    2055  50.000
  96   2047.991    2.027   0.0448    2042    2055  50.000
  97   2047.944    2.074   0.0458    2041    2055  49.999
  98   2047.966    1.951   0.0431    2041    2055  49.999
  99   2047.983    2.000   0.0442    2042    2055  50.000
 100   2048.057    1.978   0.0437    2041    2054  50.001

Saturation
----------
Plateau (Weighted, NR >= 4) = 2047.9946 bits (50.000%)
First NR within 1 bit of plateau = 4
Reference: 50% = 2048 bits. Plaintext CBC cap ~ 1056 or 25.78%

Converged-region stats (NR >= 4, k = 97)
----------------------------------------
Between-NR std / within(SEM) = 0.0419 / 0.0442. Ratio = 0.949 (~1 => sampling_noise)
Homogeneity chi2 / dof = 87.4 / 96 = 0.910 p = 0.7229 -> flat
Trend in mean = -0.00014 bits / round p = 0.3513
Tightening (std ~ NR) = +0.00008 bits / round p = 0.4993 -> no tightening
Runs test = z +0.74 p = 0.4576
CUSUM max|.| / band = 9.18 / 19.30 -> no drift
Periodicity = Peak period 3.7 round, power 3.80 versus thr 6.84 -> ns

Multiple-comparison correction (Holm across converged tests)
------------------------------------------------------------
homogeneity  raw p = 0.7229. Holm-adj = 1 
Min Holm-adjusted p = 1 -> nothing significant after correction
trend_mean   raw p = 0.3513. Holm-adj = 1 
Min Holm-adjusted p = 1 -> nothing significant after correction
tightening   raw p = 0.4993. Holm-adj = 1 
Min Holm-adjusted p = 1 -> nothing significant after correction
runs         raw p = 0.4576. Holm-adj = 1 
Min Holm-adjusted p = 1 -> nothing significant after correction
periodicity  raw p = 1.072. Holm-adj = 1 
Min Holm-adjusted p = 1 -> nothing significant after correction

Avalanche interpretation
------------------------
NR = 1: 8.18% diffusion
NR = 2: 36.42% diffusion
NR = 3: 49.47% diffusion
Low-round rise reflects progressive diffusio. NR >= ~4 is indistinguishable from the plateau at this precision
