
==============================================================================
Experiment: DiffPlaintextHamming (scalar avalanche)
==============================================================================
NR range 1 to 100 with 100 values. Measured bits = 4096, trials / NR = 2048 to 2048

Per-NR Summary (Hamming distance, bits)
---------------------------------------
  NR       mean      std      sem     min     max   %diff
   1     66.282    0.086   0.0019      66      67   1.618
   2    512.067    0.247   0.0055     511     513  12.502
   3   1056.263    0.350   0.0077    1055    1057  25.788
   4   1056.008    0.354   0.0078    1055    1057  25.781
   5   1056.006    0.363   0.0080    1055    1057  25.781
   6   1055.990    0.365   0.0081    1055    1057  25.781
   7   1055.999    0.367   0.0081    1055    1057  25.781
   8   1055.996    0.353   0.0078    1055    1057  25.781
   9   1055.998    0.363   0.0080    1055    1057  25.781
  10   1055.992    0.356   0.0079    1055    1057  25.781
  11   1056.002    0.357   0.0079    1055    1057  25.781
  12   1056.014    0.351   0.0078    1054    1058  25.782
  13   1056.002    0.354   0.0078    1055    1057  25.781
  14   1055.999    0.355   0.0078    1055    1057  25.781
  15   1055.988    0.360   0.0080    1055    1057  25.781
  16   1055.985    0.353   0.0078    1055    1057  25.781
  17   1055.992    0.357   0.0079    1055    1057  25.781
  18   1056.001    0.358   0.0079    1055    1057  25.781
  19   1056.013    0.359   0.0079    1055    1057  25.782
  20   1055.992    0.344   0.0076    1055    1057  25.781
  21   1055.981    0.368   0.0081    1055    1057  25.781
  22   1055.991    0.360   0.0079    1055    1057  25.781
  23   1056.002    0.355   0.0078    1055    1058  25.781
  24   1056.007    0.360   0.0080    1055    1057  25.781
  25   1055.999    0.367   0.0081    1055    1058  25.781
  26   1056.002    0.356   0.0079    1055    1057  25.781
  27   1055.999    0.357   0.0079    1055    1057  25.781
  28   1055.975    0.356   0.0079    1055    1057  25.781
  29   1056.002    0.360   0.0079    1055    1057  25.781
  30   1056.009    0.360   0.0080    1055    1057  25.781
  31   1055.996    0.352   0.0078    1055    1057  25.781
  32   1055.998    0.355   0.0078    1055    1057  25.781
  33   1055.997    0.363   0.0080    1055    1057  25.781
  34   1055.998    0.346   0.0077    1055    1057  25.781
  35   1055.982    0.348   0.0077    1055    1057  25.781
  36   1055.996    0.354   0.0078    1055    1057  25.781
  37   1055.993    0.356   0.0079    1055    1057  25.781
  38   1056.002    0.356   0.0079    1055    1057  25.781
  39   1056.009    0.357   0.0079    1055    1057  25.781
  40   1056.005    0.367   0.0081    1055    1057  25.781
  41   1056.012    0.361   0.0080    1055    1057  25.782
  42   1055.995    0.364   0.0080    1055    1057  25.781
  43   1055.996    0.363   0.0080    1055    1057  25.781
  44   1056.004    0.357   0.0079    1055    1057  25.781
  45   1055.981    0.358   0.0079    1055    1057  25.781
  46   1055.997    0.364   0.0081    1055    1057  25.781
  47   1055.998    0.355   0.0078    1055    1057  25.781
  48   1055.993    0.362   0.0080    1055    1057  25.781
  49   1056.008    0.360   0.0079    1055    1057  25.781
  50   1056.003    0.357   0.0079    1055    1058  25.781
  51   1056.012    0.363   0.0080    1055    1057  25.782
  52   1056.005    0.359   0.0079    1055    1057  25.781
  53   1055.995    0.364   0.0080    1055    1057  25.781
  54   1056.001    0.359   0.0079    1055    1057  25.781
  55   1056.007    0.368   0.0081    1055    1057  25.781
  56   1056.004    0.361   0.0080    1055    1057  25.781
  57   1055.987    0.365   0.0081    1055    1057  25.781
  58   1056.014    0.352   0.0078    1055    1057  25.782
  59   1056.001    0.355   0.0078    1055    1057  25.781
  60   1056.009    0.361   0.0080    1055    1057  25.781
  61   1056.009    0.362   0.0080    1055    1057  25.781
  62   1056.014    0.355   0.0078    1055    1057  25.782
  63   1055.997    0.366   0.0081    1055    1057  25.781
  64   1056.001    0.359   0.0079    1055    1057  25.781
  65   1055.995    0.355   0.0078    1055    1057  25.781
  66   1055.998    0.367   0.0081    1055    1057  25.781
  67   1055.993    0.354   0.0078    1055    1057  25.781
  68   1055.992    0.361   0.0080    1055    1057  25.781
  69   1056.000    0.371   0.0082    1055    1057  25.781
  70   1055.997    0.368   0.0081    1055    1057  25.781
  71   1056.012    0.361   0.0080    1055    1057  25.782
  72   1056.004    0.352   0.0078    1054    1057  25.781
  73   1056.006    0.363   0.0080    1055    1057  25.781
  74   1056.012    0.364   0.0080    1055    1057  25.782
  75   1055.998    0.353   0.0078    1055    1057  25.781
  76   1056.012    0.362   0.0080    1055    1057  25.782
  77   1056.005    0.357   0.0079    1055    1057  25.781
  78   1055.994    0.371   0.0082    1055    1057  25.781
  79   1056.002    0.369   0.0082    1055    1057  25.781
  80   1056.004    0.357   0.0079    1055    1057  25.781
  81   1055.987    0.356   0.0079    1055    1057  25.781
  82   1055.999    0.360   0.0080    1055    1057  25.781
  83   1056.011    0.351   0.0078    1055    1057  25.782
  84   1055.987    0.355   0.0079    1055    1057  25.781
  85   1056.000    0.364   0.0080    1055    1057  25.781
  86   1055.990    0.360   0.0080    1055    1057  25.781
  87   1055.989    0.353   0.0078    1055    1057  25.781
  88   1056.002    0.361   0.0080    1055    1057  25.781
  89   1055.997    0.366   0.0081    1055    1057  25.781
  90   1056.002    0.363   0.0080    1055    1057  25.781
  91   1056.003    0.367   0.0081    1055    1057  25.781
  92   1055.990    0.354   0.0078    1055    1057  25.781
  93   1055.996    0.354   0.0078    1055    1057  25.781
  94   1055.989    0.352   0.0078    1055    1057  25.781
  95   1055.994    0.373   0.0082    1055    1057  25.781
  96   1056.009    0.353   0.0078    1055    1057  25.781
  97   1055.982    0.370   0.0082    1055    1057  25.781
  98   1056.012    0.348   0.0077    1055    1057  25.782
  99   1056.009    0.369   0.0082    1055    1057  25.781
 100   1056.007    0.357   0.0079    1055    1057  25.781

Saturation
----------
Plateau (Weighted, NR >= 4) = 1055.9994 bits (25.781%)
First NR within 1 bit of plateau = 3
Reference: 50% = 2048 bits. Plaintext CBC cap ~ 1056 or 25.78%

Converged-region stats (NR >= 4, k = 97)
----------------------------------------
Between-NR std / within(SEM) = 0.0085 / 0.0079. Ratio = 1.074 (~1 => sampling_noise)
Homogeneity chi2 / dof = 111.4 / 96 = 1.161 p = 0.1342 -> flat
Trend in mean = +0.00003 bits / round p = 0.3957
Tightening (std ~ NR) = +0.00004 bits / round p = 0.08953 -> no tightening
Runs test = z -1.33 p = 0.1848
CUSUM max|.| / band = 9.87 / 19.30 -> no drift
Periodicity = Peak period 9.7 round, power 4.58 versus thr 6.84 -> ns

Multiple-comparison correction (Holm across converged tests)
------------------------------------------------------------
homogeneity  raw p = 0.1342. Holm-adj = 0.5368 
Min Holm-adjusted p = 0.4476 -> nothing significant after correction
trend_mean   raw p = 0.3957. Holm-adj = 0.7915 
Min Holm-adjusted p = 0.4476 -> nothing significant after correction
tightening   raw p = 0.08953. Holm-adj = 0.4476 
Min Holm-adjusted p = 0.4476 -> nothing significant after correction
runs         raw p = 0.1848. Holm-adj = 0.5545 
Min Holm-adjusted p = 0.4476 -> nothing significant after correction
periodicity  raw p = 0.491. Holm-adj = 0.7915 
Min Holm-adjusted p = 0.4476 -> nothing significant after correction

Avalanche interpretation
------------------------
NR = 1: 1.62% diffusion
NR = 2: 12.50% diffusion
NR = 3: 25.79% diffusion
Low-round rise reflects progressive diffusio. NR >= ~4 is indistinguishable from the plateau at this precision
