
==============================================================================
Experiment: DiffIVHamming (scalar avalanche)
==============================================================================
NR range 1 to 100 with 100 values. Measured bits = 4096, trials / NR = 2048 to 2048

Per-NR Summary (Hamming distance, bits)
---------------------------------------
  NR       mean      std      sem     min     max   %diff
   1    128.555    0.704   0.0156     126     131   3.139
   2   1008.089    1.961   0.0433    1002    1015  24.612
   3   2048.287    2.807   0.0620    2039    2059  50.007
   4   2048.002    2.870   0.0634    2039    2059  50.000
   5   2048.034    2.817   0.0622    2037    2057  50.001
   6   2047.930    2.848   0.0629    2038    2060  49.998
   7   2048.088    2.796   0.0618    2038    2057  50.002
   8   2048.006    2.786   0.0616    2038    2056  50.000
   9   2047.970    2.798   0.0618    2038    2058  49.999
  10   2048.132    2.820   0.0623    2039    2059  50.003
  11   2047.858    2.792   0.0617    2036    2059  49.997
  12   2048.009    2.787   0.0616    2037    2059  50.000
  13   2047.918    2.833   0.0626    2038    2058  49.998
  14   2047.919    2.772   0.0612    2037    2058  49.998
  15   2047.963    2.856   0.0631    2040    2057  49.999
  16   2048.003    2.773   0.0613    2039    2057  50.000
  17   2048.079    2.821   0.0623    2038    2057  50.002
  18   2047.934    2.841   0.0628    2038    2058  49.998
  19   2047.902    2.803   0.0619    2039    2057  49.998
  20   2047.891    2.818   0.0623    2037    2059  49.997
  21   2047.998    2.840   0.0628    2038    2057  50.000
  22   2048.044    2.833   0.0626    2038    2058  50.001
  23   2047.987    2.868   0.0634    2038    2057  50.000
  24   2047.922    2.877   0.0636    2038    2058  49.998
  25   2048.071    2.843   0.0628    2038    2056  50.002
  26   2047.980    2.732   0.0604    2038    2056  50.000
  27   2047.973    2.849   0.0630    2038    2060  49.999
  28   2047.880    2.782   0.0615    2038    2058  49.997
  29   2047.864    2.895   0.0640    2038    2057  49.997
  30   2048.048    2.922   0.0646    2038    2057  50.001
  31   2047.919    2.771   0.0612    2039    2058  49.998
  32   2047.936    2.862   0.0632    2038    2059  49.998
  33   2047.860    2.797   0.0618    2037    2057  49.997
  34   2047.966    2.781   0.0615    2037    2058  49.999
  35   2047.941    2.829   0.0625    2036    2057  49.999
  36   2047.888    2.836   0.0627    2039    2057  49.997
  37   2047.958    2.878   0.0636    2038    2059  49.999
  38   2048.028    2.767   0.0611    2039    2057  50.001
  39   2048.031    2.779   0.0614    2037    2059  50.001
  40   2047.923    2.819   0.0623    2039    2058  49.998
  41   2048.025    2.913   0.0644    2038    2057  50.001
  42   2048.016    2.800   0.0619    2039    2058  50.000
  43   2047.954    2.905   0.0642    2037    2056  49.999
  44   2048.054    2.838   0.0627    2038    2057  50.001
  45   2047.961    2.805   0.0620    2039    2057  49.999
  46   2047.989    2.795   0.0618    2039    2057  50.000
  47   2048.022    2.861   0.0632    2038    2061  50.001
  48   2047.993    2.853   0.0630    2038    2057  50.000
  49   2048.005    2.734   0.0604    2038    2057  50.000
  50   2048.057    2.902   0.0641    2038    2057  50.001
  51   2048.002    2.778   0.0614    2038    2057  50.000
  52   2048.002    2.803   0.0619    2037    2058  50.000
  53   2047.888    2.897   0.0640    2039    2058  49.997
  54   2047.978    2.802   0.0619    2040    2058  49.999
  55   2048.010    2.809   0.0621    2038    2057  50.000
  56   2048.013    2.884   0.0637    2038    2058  50.000
  57   2047.972    2.905   0.0642    2036    2058  49.999
  58   2048.022    2.970   0.0656    2038    2058  50.001
  59   2047.915    2.888   0.0638    2039    2057  49.998
  60   2047.898    2.850   0.0630    2035    2056  49.998
  61   2048.001    2.841   0.0628    2038    2058  50.000
  62   2047.965    2.810   0.0621    2039    2057  49.999
  63   2047.976    2.854   0.0631    2040    2058  49.999
  64   2047.983    2.861   0.0632    2038    2058  50.000
  65   2048.017    2.846   0.0629    2039    2058  50.000
  66   2047.967    2.807   0.0620    2039    2056  49.999
  67   2047.892    2.784   0.0615    2039    2057  49.997
  68   2048.000    2.785   0.0615    2039    2059  50.000
  69   2048.037    2.838   0.0627    2038    2057  50.001
  70   2048.111    2.869   0.0634    2039    2059  50.003
  71   2047.977    2.789   0.0616    2038    2056  49.999
  72   2047.988    2.791   0.0617    2038    2057  50.000
  73   2047.938    2.827   0.0625    2038    2058  49.998
  74   2047.921    2.843   0.0628    2039    2058  49.998
  75   2048.141    2.886   0.0638    2037    2058  50.003
  76   2048.013    2.819   0.0623    2039    2057  50.000
  77   2048.055    2.888   0.0638    2037    2059  50.001
  78   2048.045    2.775   0.0613    2038    2057  50.001
  79   2048.096    2.793   0.0617    2038    2058  50.002
  80   2047.984    2.844   0.0629    2038    2059  50.000
  81   2047.907    2.854   0.0631    2039    2058  49.998
  82   2048.052    2.883   0.0637    2039    2057  50.001
  83   2047.947    2.798   0.0618    2039    2057  49.999
  84   2048.073    2.749   0.0608    2037    2057  50.002
  85   2047.930    2.782   0.0615    2038    2058  49.998
  86   2048.150    2.776   0.0613    2040    2057  50.004
  87   2048.061    2.871   0.0635    2039    2056  50.001
  88   2047.982    2.819   0.0623    2039    2059  50.000
  89   2048.085    2.852   0.0630    2037    2059  50.002
  90   2047.990    2.801   0.0619    2039    2058  50.000
  91   2047.902    2.837   0.0627    2039    2057  49.998
  92   2048.073    2.895   0.0640    2038    2058  50.002
  93   2048.056    2.817   0.0622    2039    2057  50.001
  94   2048.052    2.862   0.0632    2038    2058  50.001
  95   2047.950    2.839   0.0627    2038    2057  49.999
  96   2048.040    2.832   0.0626    2038    2058  50.001
  97   2047.947    2.909   0.0643    2038    2058  49.999
  98   2047.916    2.870   0.0634    2037    2057  49.998
  99   2048.014    2.806   0.0620    2038    2057  50.000
 100   2048.115    2.814   0.0622    2038    2058  50.003

Saturation
----------
Plateau (Weighted, NR >= 4) = 2047.9894 bits (50.000%)
First NR within 1 bit of plateau = 3
Reference: 50% = 2048 bits. Plaintext CBC cap ~ 1056 or 25.78%

Converged-region stats (NR >= 4, k = 97)
----------------------------------------
Between-NR std / within(SEM) = 0.0660 / 0.0626. Ratio = 1.056 (~1 => sampling_noise)
Homogeneity chi2 / dof = 107.1 / 96 = 1.115 p = 0.2071 -> flat
Trend in mean = +0.00053 bits / round p = 0.02743
Tightening (std ~ NR) = +0.00018 bits / round p = 0.2647 -> no tightening
Runs test = z -0.10 p = 0.9195
CUSUM max|.| / band = 14.28 / 19.30 -> no drift
Periodicity = Peak period 3.5 round, power 4.16 versus thr 6.84 -> ns

Multiple-comparison correction (Holm across converged tests)
------------------------------------------------------------
homogeneity  raw p = 0.2071. Holm-adj = 0.8284 
Min Holm-adjusted p = 0.1372 -> nothing significant after correction
trend_mean   raw p = 0.02743. Holm-adj = 0.1372 
Min Holm-adjusted p = 0.1372 -> nothing significant after correction
tightening   raw p = 0.2647. Holm-adj = 0.8284 
Min Holm-adjusted p = 0.1372 -> nothing significant after correction
runs         raw p = 0.9195. Holm-adj = 1 
Min Holm-adjusted p = 0.1372 -> nothing significant after correction
periodicity  raw p = 0.7496. Holm-adj = 1 
Min Holm-adjusted p = 0.1372 -> nothing significant after correction

Avalanche interpretation
------------------------
NR = 1: 3.14% diffusion
NR = 2: 24.61% diffusion
NR = 3: 50.01% diffusion
Low-round rise reflects progressive diffusio. NR >= ~4 is indistinguishable from the plateau at this precision
